3 0.486395 0.528169 0.185705 0.109155
7 0.487813 0.526408 0.182870 0.098592
9 0.482142 0.521127 0.182870 0.109155
10 0.487813 0.521127 0.177200 0.102113
12 0.481433 0.522007 0.164441 0.082746
20 0.480016 0.532570 0.255167 0.234155
21 0.464422 0.534331 0.317542 0.301056
24 0.463005 0.528169 0.303366 0.306338
26 0.467257 0.545775 0.306201 0.271127
30 0.475763 0.542254 0.289190 0.271127
31 0.464422 0.534331 0.323212 0.308099
32 0.468675 0.532570 0.365740 0.329225
33 0.468675 0.534331 0.365740 0.332746
36 0.464422 0.533451 0.331718 0.316901