2 0.548678 0.502651 0.437349 0.309237
3 0.543256 0.499116 0.426506 0.309237
4 0.548678 0.499116 0.430120 0.302169
7 0.546871 0.507068 0.433735 0.311004
9 0.545666 0.499116 0.436145 0.302169
10 0.544461 0.500884 0.433735 0.305703
17 0.550485 0.502651 0.433735 0.309237
20 0.544461 0.500884 0.438554 0.305703
22 0.548678 0.504418 0.437349 0.305703
24 0.547473 0.500884 0.439759 0.305703
30 0.544461 0.504418 0.428916 0.305703
32 0.546871 0.504418 0.433735 0.305703
36 0.545666 0.502651 0.436145 0.309237