4 0.547483 0.248239 0.247599 0.242958
4 0.499188 0.654930 0.131962 0.109155
3 0.512792 0.473592 0.306098 0.260563
7 0.515513 0.477993 0.306098 0.262324
9 0.516873 0.574824 0.308819 0.480634
10 0.486944 0.544014 0.259843 0.394366
13 0.547483 0.241197 0.253041 0.242958
13 0.503949 0.662852 0.136044 0.125000
12 0.536599 0.739437 0.136044 0.077465
22 0.546123 0.242077 0.250320 0.227113
22 0.502589 0.662852 0.138764 0.121479
20 0.514152 0.467430 0.295214 0.262324
24 0.514152 0.477993 0.303377 0.258803
30 0.515513 0.577465 0.316981 0.496479
32 0.488304 0.537852 0.251681 0.403169
38 0.553605 0.223592 0.240797 0.211268
38 0.501908 0.657570 0.151008 0.128521
34 0.540001 0.742958 0.159171 0.105634