2 0.711931 0.695261 0.190361 0.220884
3 0.714943 0.698795 0.201205 0.227952
4 0.508317 0.243775 0.173494 0.141365
7 0.479401 0.372771 0.269880 0.455904
9 0.710726 0.709398 0.197590 0.224418
10 0.711931 0.695261 0.190361 0.227952
12 0.706509 0.693494 0.206024 0.224418
13 0.505907 0.243775 0.178313 0.148434
17 0.710726 0.699679 0.202410 0.215582
20 0.704100 0.701446 0.196386 0.219116
22 0.504702 0.242008 0.175904 0.141365
24 0.480003 0.373655 0.278313 0.468273
30 0.711931 0.698795 0.212048 0.224418
32 0.708919 0.701446 0.206024 0.219116
36 0.710726 0.698795 0.197590 0.224418
38 0.502292 0.237590 0.192771 0.157269