2 0.675815 0.424296 0.289327 0.778169
3 0.667344 0.416373 0.301056 0.755282
4 0.320021 0.555458 0.393589 0.642606
9 0.668647 0.423415 0.298450 0.758803
10 0.656918 0.452465 0.327122 0.802817
12 0.671905 0.428697 0.310179 0.762324
13 0.322628 0.558099 0.393589 0.637324
17 0.668647 0.426937 0.303663 0.765845
20 0.674512 0.430458 0.320605 0.783451
22 0.325235 0.556338 0.393589 0.633803
30 0.660176 0.460387 0.338851 0.825704
32 0.660176 0.459507 0.338851 0.816901
36 0.662783 0.460387 0.338851 0.825704
38 0.323931 0.553697 0.390982 0.646127