2 0.456191 0.491197 0.568342 0.665493
3 0.466149 0.491197 0.548427 0.679577
7 0.465383 0.494718 0.565278 0.665493
9 0.465383 0.490317 0.565278 0.667254
10 0.461553 0.494718 0.579065 0.669014
12 0.450064 0.485035 0.562214 0.653169
17 0.454659 0.493838 0.577533 0.684859
18 0.465383 0.499120 0.592853 0.695423
20 0.466915 0.495599 0.589789 0.681338
21 0.463085 0.494718 0.588257 0.672535
24 0.461553 0.495599 0.585193 0.688380
25 0.463851 0.497359 0.595916 0.691901
30 0.461553 0.507042 0.591321 0.679577
31 0.460021 0.493838 0.588257 0.684859
32 0.466915 0.506162 0.602044 0.688380
33 0.469979 0.500880 0.608172 0.691901
38 0.468447 0.502641 0.605108 0.688380
39 0.464617 0.505282 0.618895 0.700704