2 0.383668 0.481514 0.254527 0.392606
3 0.374677 0.497359 0.236544 0.364437
4 0.371219 0.495599 0.237928 0.375000
7 0.371219 0.497359 0.251761 0.378521
10 0.368452 0.495599 0.240694 0.375000
12 0.371910 0.495599 0.233778 0.375000
17 0.376060 0.495599 0.236544 0.375000
18 0.367760 0.496479 0.275277 0.471831
20 0.365685 0.494718 0.251761 0.415493
21 0.367760 0.500880 0.272510 0.473592
22 0.364994 0.489437 0.231011 0.387324
23 0.363610 0.502641 0.269743 0.480634
24 0.360844 0.501761 0.264210 0.422535
25 0.369835 0.500880 0.301559 0.470070
32 0.365685 0.508803 0.273893 0.454225
33 0.364994 0.492958 0.266977 0.454225
36 0.365685 0.500880 0.279427 0.445423
37 0.367069 0.500880 0.276660 0.445423