2 0.410160 0.454225 0.524762 0.764085
3 0.408811 0.453345 0.527460 0.755282
7 0.412184 0.457746 0.528809 0.746479
9 0.412184 0.458627 0.534205 0.755282
10 0.414882 0.459507 0.534205 0.742958
12 0.414882 0.460387 0.534205 0.758803
17 0.413533 0.457746 0.542299 0.746479
18 0.414882 0.462148 0.544997 0.762324
20 0.414882 0.467430 0.539601 0.758803
21 0.413533 0.457746 0.547695 0.764085
24 0.416231 0.467430 0.542299 0.758803
25 0.416231 0.460387 0.542299 0.758803
30 0.418254 0.460387 0.546346 0.758803
31 0.414882 0.467430 0.544997 0.765845
32 0.415556 0.463908 0.551742 0.758803
33 0.416231 0.462148 0.542299 0.755282
36 0.418254 0.459507 0.546346 0.767606
37 0.418254 0.457746 0.546346 0.771127