1 0.190246 0.487676 0.203036 0.415493
2 0.396455 0.534331 0.214457 0.156690
3 0.395186 0.534331 0.211919 0.156690
5 0.190246 0.481514 0.203036 0.410211
7 0.404703 0.507042 0.208112 0.211268
9 0.393917 0.537852 0.214457 0.156690
10 0.396455 0.532570 0.209381 0.160211
12 0.396455 0.534331 0.214457 0.149648
17 0.396455 0.539613 0.214457 0.153169
18 0.398993 0.537852 0.214457 0.156690
19 0.398993 0.536092 0.219533 0.153169
20 0.400262 0.537852 0.214457 0.149648
21 0.402165 0.538732 0.205574 0.140845
24 0.403434 0.507042 0.197960 0.211268
25 0.403434 0.510563 0.208112 0.218310
26 0.406607 0.505282 0.214457 0.207746
30 0.400262 0.536092 0.219533 0.146127
31 0.401531 0.536092 0.211919 0.146127
32 0.401531 0.537852 0.216995 0.149648
33 0.401531 0.536092 0.216995 0.146127
36 0.404703 0.534331 0.218264 0.149648
37 0.402800 0.540493 0.216995 0.137324