4 0.528456 0.422535 0.216183 0.218310
8 0.358299 0.508803 0.126921 0.507042
8 0.584246 0.654049 0.313815 0.234155
8 0.550075 0.250000 0.251052 0.109155
8 0.685364 0.420775 0.080894 0.214789
12 0.361089 0.507042 0.126921 0.503521
12 0.551469 0.244718 0.253841 0.119718
12 0.683969 0.420775 0.083684 0.221831
12 0.585640 0.659331 0.316604 0.230634
13 0.528456 0.420775 0.218973 0.239437
22 0.533338 0.425176 0.223157 0.223592
27 0.528456 0.426937 0.218973 0.220070
36 0.548680 0.242077 0.259420 0.125000
36 0.361089 0.502641 0.126921 0.512324
36 0.688153 0.416373 0.086473 0.230634
36 0.587733 0.661092 0.312420 0.220070
38 0.528456 0.422535 0.218973 0.218310