2 0.582413 0.462008 0.251807 0.478876
3 0.581208 0.463775 0.249398 0.475341
7 0.582413 0.460241 0.251807 0.482410
9 0.583618 0.462008 0.254217 0.471807
10 0.584823 0.463775 0.256627 0.482410
12 0.584823 0.462008 0.251807 0.471807
17 0.584823 0.463775 0.256627 0.475341
18 0.582413 0.462008 0.256627 0.478876
19 0.583618 0.462008 0.254217 0.471807
20 0.583618 0.463775 0.259036 0.475341
21 0.583618 0.460241 0.259036 0.475341
24 0.583618 0.462008 0.259036 0.478876
25 0.584823 0.465542 0.256627 0.471807
26 0.583618 0.463775 0.254217 0.468273
30 0.579401 0.463775 0.262651 0.475341
31 0.581811 0.465542 0.262651 0.485944
32 0.583015 0.469076 0.265060 0.478876
33 0.581811 0.467309 0.262651 0.468273
36 0.578196 0.462008 0.274699 0.485944
37 0.578196 0.463775 0.269880 0.475341