3 0.646495 0.433099 0.442656 0.496479
4 0.643729 0.428697 0.448189 0.498239
7 0.647879 0.426937 0.439889 0.501761
10 0.651337 0.426937 0.446806 0.508803
12 0.646495 0.430458 0.462022 0.501761
20 0.648570 0.426937 0.457872 0.501761
21 0.652720 0.436620 0.455106 0.496479
22 0.643729 0.430458 0.462022 0.501761
23 0.637504 0.425176 0.455106 0.512324
24 0.641654 0.423415 0.452339 0.508803
25 0.646495 0.428697 0.467555 0.505282
32 0.646495 0.438380 0.437123 0.507042
33 0.648570 0.430458 0.452339 0.508803
36 0.645112 0.428697 0.464789 0.512324
37 0.645112 0.428697 0.464789 0.505282