2 0.400644 0.583627 0.349552 0.304577
3 0.402564 0.580986 0.332907 0.292254
4 0.414088 0.586268 0.330346 0.306338
7 0.401924 0.587148 0.346991 0.297535
9 0.410887 0.578345 0.318822 0.325704
10 0.403845 0.575704 0.338028 0.320423
12 0.400004 0.577465 0.358515 0.320423
17 0.398083 0.582746 0.362356 0.320423
18 0.398083 0.582746 0.372599 0.320423
20 0.398083 0.580986 0.377721 0.341549
21 0.392321 0.575704 0.350832 0.320423
22 0.401924 0.569542 0.346991 0.346831
23 0.398083 0.569542 0.362356 0.364437
24 0.398083 0.571303 0.372599 0.343310
25 0.396803 0.575704 0.380282 0.359155
30 0.396803 0.569542 0.380282 0.378521
31 0.395522 0.573944 0.372599 0.387324
32 0.398723 0.571303 0.384123 0.382042
33 0.396803 0.573063 0.387964 0.371479
36 0.396803 0.570423 0.380282 0.369718
37 0.399363 0.577465 0.370038 0.376761