2 0.418926 0.454225 0.329248 0.253521
3 0.413439 0.451585 0.331992 0.258803
7 0.415497 0.451585 0.336108 0.258803
10 0.415497 0.453345 0.336108 0.262324
12 0.416869 0.454225 0.333364 0.246479
17 0.416869 0.454225 0.333364 0.246479
18 0.412067 0.452465 0.334736 0.250000
19 0.416869 0.455986 0.338851 0.250000
20 0.416869 0.452465 0.333364 0.250000
21 0.419612 0.449824 0.338851 0.255282
24 0.418240 0.454225 0.336108 0.253521
25 0.416869 0.455986 0.333364 0.250000
26 0.415497 0.457746 0.336108 0.246479
32 0.416869 0.457746 0.325133 0.246479
33 0.416869 0.455986 0.333364 0.235915
36 0.414125 0.457746 0.338851 0.253521
37 0.415497 0.455986 0.336108 0.242958