2 0.412631 0.425176 0.409594 0.329225
3 0.415661 0.428697 0.403535 0.329225
4 0.647724 0.426056 0.070285 0.316901
7 0.416873 0.425176 0.405958 0.336268
9 0.414449 0.426937 0.418077 0.325704
10 0.414449 0.423415 0.405958 0.332746
12 0.415661 0.422535 0.403535 0.323944
13 0.655601 0.426937 0.059379 0.308099
17 0.415661 0.425176 0.420500 0.329225
18 0.414449 0.432218 0.418077 0.336268
19 0.413843 0.422535 0.412018 0.323944
20 0.413237 0.425176 0.420500 0.329225
21 0.414449 0.431338 0.401111 0.316901
22 0.653177 0.428697 0.059379 0.311620
23 0.653783 0.436620 0.050896 0.320423
24 0.414449 0.428697 0.405958 0.304577
25 0.413843 0.426056 0.412018 0.316901
26 0.415661 0.430458 0.403535 0.325704
30 0.411420 0.428697 0.407170 0.322183
31 0.416873 0.426937 0.405958 0.325704
32 0.418690 0.424296 0.409594 0.313380
33 0.418085 0.432218 0.420500 0.304577
36 0.419902 0.430458 0.407170 0.301056
37 0.417479 0.434859 0.412018 0.316901
38 0.655601 0.436620 0.059379 0.313380
39 0.658024 0.436620 0.059379 0.306338