2 0.607956 0.524648 0.511867 0.559859
3 0.605864 0.521127 0.521630 0.566901
7 0.604469 0.521127 0.518840 0.566901
9 0.602377 0.522887 0.514656 0.563380
10 0.604469 0.521127 0.524419 0.566901
11 0.181168 0.426937 0.305446 0.551056
12 0.594009 0.524648 0.520235 0.559859
17 0.598193 0.520246 0.523025 0.551056
18 0.599588 0.520246 0.514656 0.544014
19 0.601680 0.529049 0.527209 0.544014
20 0.598193 0.521127 0.520235 0.559859
21 0.599588 0.522007 0.511867 0.540493
24 0.600982 0.520246 0.520235 0.544014
25 0.604469 0.512324 0.532788 0.535211
26 0.596798 0.523768 0.517446 0.544014
30 0.599588 0.518486 0.523025 0.547535
31 0.601680 0.518486 0.527209 0.547535
32 0.603075 0.520246 0.510472 0.544014
33 0.603075 0.520246 0.529998 0.544014
34 0.181865 0.430458 0.306841 0.551056
36 0.176287 0.430458 0.304052 0.558099
37 0.601680 0.520246 0.527209 0.544014