2 0.497075 0.457746 0.170157 0.394366
3 0.488707 0.452465 0.164578 0.383803
7 0.478943 0.453345 0.206420 0.403169
9 0.467786 0.448063 0.223157 0.413732
10 0.453141 0.449824 0.235710 0.410211
12 0.468483 0.438380 0.235710 0.426056
17 0.454536 0.441021 0.238499 0.406690
18 0.461509 0.438380 0.241289 0.419014
19 0.461509 0.436620 0.241289 0.422535
20 0.461509 0.435739 0.235710 0.438380
21 0.455930 0.436620 0.241289 0.447183
24 0.460812 0.434859 0.251052 0.450704
25 0.460812 0.432218 0.251052 0.445423
26 0.458720 0.433979 0.246868 0.434859
30 0.457325 0.430458 0.238499 0.448944
32 0.455233 0.430458 0.248262 0.448944
33 0.444772 0.441021 0.218973 0.438380
36 0.452444 0.440141 0.228736 0.447183
37 0.454536 0.433979 0.232920 0.441901