2 0.528923 0.536092 0.588303 0.343310
3 0.530340 0.534331 0.585467 0.346831
4 0.483560 0.608275 0.415356 0.198944
7 0.530340 0.529930 0.585467 0.348592
9 0.531049 0.532570 0.592555 0.343310
10 0.526088 0.534331 0.588303 0.346831
12 0.527505 0.528169 0.585467 0.345070
17 0.531049 0.523768 0.592555 0.336268
18 0.532467 0.534331 0.595391 0.346831
19 0.533884 0.529930 0.592555 0.348592
20 0.528923 0.532570 0.576962 0.336268
21 0.528923 0.532570 0.576962 0.329225
22 0.480016 0.601232 0.422444 0.198944
24 0.532467 0.529049 0.589720 0.336268
25 0.530340 0.536092 0.579797 0.336268
26 0.528923 0.531690 0.576962 0.320423
30 0.527505 0.530810 0.585467 0.332746
31 0.526088 0.524648 0.582632 0.320423
32 0.533176 0.529930 0.579797 0.323944
33 0.528923 0.534331 0.582632 0.325704
36 0.530340 0.537852 0.574127 0.332746
37 0.531758 0.528169 0.576962 0.313380