2 0.423765 0.489437 0.351198 0.214789
3 0.424496 0.489437 0.343881 0.207746
7 0.420838 0.487676 0.351198 0.211268
9 0.423765 0.487676 0.351198 0.211268
32 0.422301 0.489437 0.354125 0.214789
12 0.425960 0.489437 0.355588 0.214789
17 0.422301 0.489437 0.348271 0.207746
18 0.422301 0.489437 0.354125 0.207746
19 0.423765 0.489437 0.351198 0.207746
20 0.423765 0.489437 0.351198 0.207746
21 0.425960 0.491197 0.346808 0.211268
24 0.422301 0.489437 0.348271 0.207746
25 0.422301 0.489437 0.348271 0.214789
26 0.424496 0.489437 0.358515 0.214789
30 0.425960 0.492958 0.361441 0.207746
31 0.424496 0.492958 0.358515 0.214789
32 0.432545 0.491197 0.348271 0.211268
33 0.425960 0.491197 0.361441 0.211268
36 0.425960 0.492958 0.346808 0.207746
37 0.425960 0.489437 0.355588 0.207746