2 0.445945 0.411092 0.389576 0.198944
3 0.448483 0.412852 0.384500 0.202465
7 0.447214 0.411092 0.387038 0.198944
9 0.449752 0.412852 0.387038 0.195423
10 0.447214 0.412852 0.392114 0.202465
12 0.447214 0.412852 0.387038 0.202465
17 0.448483 0.412852 0.389576 0.202465
18 0.444042 0.411092 0.398459 0.198944
19 0.444676 0.404930 0.392114 0.204225
20 0.442773 0.404930 0.400997 0.204225
21 0.445945 0.408451 0.394652 0.211268
24 0.439600 0.407570 0.394652 0.198944
26 0.447214 0.412852 0.387038 0.202465
30 0.445945 0.401408 0.394652 0.218310
31 0.444042 0.406690 0.408611 0.207746
32 0.445311 0.400528 0.406073 0.227113
33 0.440235 0.403169 0.400997 0.214789
36 0.444042 0.401408 0.398459 0.218310
37 0.440235 0.401408 0.400997 0.211268