2 0.476060 0.535211 0.390445 0.242958
3 0.473339 0.532570 0.395887 0.237676
4 0.478101 0.538732 0.386364 0.242958
7 0.474700 0.532570 0.393166 0.230634
9 0.470618 0.537852 0.401328 0.227113
10 0.474700 0.531690 0.387724 0.246479
12 0.471979 0.530810 0.404049 0.234155
13 0.471979 0.532570 0.393166 0.237676
17 0.469258 0.522007 0.417654 0.258803
20 0.474019 0.532570 0.408131 0.237676
22 0.465857 0.536092 0.405410 0.255282
24 0.470618 0.538732 0.420375 0.242958
30 0.473339 0.542254 0.414933 0.250000
32 0.468578 0.534331 0.410851 0.258803
36 0.471979 0.530810 0.417654 0.265845
38 0.465857 0.536092 0.405410 0.276408