2 0.545564 0.405810 0.293888 0.195423
3 0.549079 0.404930 0.292482 0.186620
7 0.544157 0.404930 0.296701 0.186620
9 0.542751 0.409331 0.299513 0.195423
17 0.545564 0.409331 0.293888 0.195423
18 0.542751 0.397887 0.305138 0.211268
19 0.545564 0.404930 0.299513 0.204225
20 0.542751 0.403169 0.299513 0.207746
21 0.542751 0.403169 0.293888 0.200704
24 0.544157 0.401408 0.302325 0.204225
25 0.545564 0.403169 0.299513 0.200704
26 0.542751 0.403169 0.305138 0.190141
30 0.545564 0.403169 0.299513 0.207746
31 0.544157 0.401408 0.302325 0.211268