2 0.570257 0.507042 0.619810 0.415493
3 0.567787 0.505282 0.619810 0.419014
7 0.569022 0.508803 0.622279 0.419014
8 0.474569 0.178697 0.707472 0.258803
8 0.185036 0.433099 0.140754 0.281690
10 0.567787 0.506162 0.619810 0.406690
12 0.569022 0.512324 0.617340 0.426056
17 0.571491 0.514085 0.617340 0.422535
20 0.570874 0.510563 0.630922 0.415493
24 0.570257 0.506162 0.619810 0.406690
27 0.474569 0.172535 0.712411 0.246479
27 0.185036 0.433979 0.133346 0.269366
32 0.570257 0.512324 0.614871 0.419014
36 0.572109 0.512324 0.623514 0.419014