2 0.529239 0.520246 0.423244 0.684859
3 0.529239 0.520246 0.423244 0.684859
4 0.526793 0.520246 0.413458 0.684859
7 0.528016 0.520246 0.420798 0.691901
9 0.526793 0.518486 0.418351 0.688380
10 0.528016 0.518486 0.415905 0.681338
12 0.528016 0.518486 0.420798 0.688380
13 0.496823 0.526408 0.162692 0.556338
17 0.529239 0.518486 0.423244 0.695423
18 0.529239 0.516725 0.418351 0.691901
20 0.530462 0.513204 0.420798 0.691901
22 0.528016 0.516725 0.420798 0.691901
24 0.530462 0.514965 0.425691 0.695423
25 0.530462 0.516725 0.420798 0.684859
30 0.530462 0.514965 0.415905 0.688380
32 0.532909 0.516725 0.415905 0.677817
33 0.534132 0.516725 0.418351 0.691901
34 0.531686 0.511444 0.423244 0.688380
35 0.531686 0.514965 0.423244 0.688380
38 0.496211 0.526408 0.168808 0.549296