2 0.611931 0.473494 0.149398 0.226185
2 0.572774 0.817189 0.297590 0.090120
3 0.613136 0.477028 0.146988 0.219116
3 0.573979 0.815422 0.300000 0.093655
4 0.491449 0.624578 0.192771 0.277430
7 0.606509 0.473494 0.160241 0.212048
7 0.581811 0.817189 0.289157 0.090120
9 0.572774 0.817189 0.292771 0.083052
10 0.547473 0.424900 0.278313 0.333976
10 0.573979 0.815422 0.300000 0.093655
12 0.614341 0.473494 0.144578 0.219116
12 0.575184 0.817189 0.297590 0.097189
13 0.492654 0.622811 0.190361 0.273896
17 0.547473 0.428434 0.283133 0.333976
17 0.572774 0.815422 0.302410 0.086586
20 0.547473 0.428434 0.283133 0.326908
20 0.573979 0.817189 0.300000 0.097189
22 0.495064 0.621044 0.190361 0.270361
24 0.548678 0.420482 0.285542 0.318072
24 0.573979 0.820723 0.300000 0.097189
30 0.547473 0.425783 0.278313 0.321606
30 0.575184 0.814538 0.297590 0.070683
32 0.547473 0.424016 0.278313 0.318072
32 0.575184 0.813655 0.302410 0.090120
36 0.573979 0.812771 0.304819 0.098956
36 0.552895 0.426667 0.289157 0.330442
38 0.495064 0.617510 0.195181 0.263293