3 0.676188 0.209507 0.419974 0.306338
7 0.673262 0.209507 0.419974 0.306338
7 0.657897 0.676937 0.319005 0.230634
10 0.671067 0.207746 0.415584 0.309859
10 0.699602 0.684859 0.218035 0.176056
12 0.674725 0.212148 0.428754 0.301056
12 0.702528 0.683099 0.218035 0.179577
20 0.677652 0.213908 0.428754 0.304577
21 0.679115 0.217430 0.425828 0.304577
24 0.673262 0.213028 0.425828 0.288732
24 0.657897 0.681338 0.319005 0.239437
32 0.679115 0.209507 0.425828 0.306338
32 0.701797 0.676937 0.231205 0.184859
33 0.673262 0.215669 0.431681 0.301056
36 0.679115 0.212148 0.425828 0.301056
36 0.698870 0.681338 0.225352 0.176056
37 0.676188 0.213908 0.419974 0.297535