2 0.429430 0.475352 0.355657 0.633803
3 0.421062 0.462148 0.347288 0.646127
4 0.201392 0.598592 0.080894 0.394366
7 0.425944 0.460387 0.362630 0.649648
9 0.426641 0.461268 0.344499 0.637324
10 0.424549 0.463908 0.354262 0.649648
12 0.419667 0.459507 0.350078 0.633803
13 0.204181 0.596831 0.080894 0.397887
17 0.423154 0.463908 0.362630 0.642606
18 0.424549 0.467430 0.359841 0.642606
19 0.421759 0.463028 0.354262 0.633803
20 0.425944 0.470070 0.368209 0.637324
21 0.428036 0.473592 0.352867 0.644366
22 0.201392 0.600352 0.075316 0.390845
23 0.196510 0.593310 0.071131 0.390845
24 0.424549 0.473592 0.354262 0.654930
25 0.425944 0.475352 0.362630 0.626761
26 0.433615 0.479754 0.352867 0.649648
30 0.430825 0.475352 0.347288 0.633803
31 0.425944 0.477113 0.362630 0.630282
32 0.428733 0.470070 0.362630 0.637324
33 0.428036 0.479754 0.352867 0.642606
36 0.424549 0.479754 0.340315 0.656690
37 0.434312 0.477993 0.359841 0.653169
38 0.205576 0.596831 0.083684 0.383803
39 0.206273 0.600352 0.090658 0.390845