2 0.447489 0.428697 0.385906 0.656690
3 0.446162 0.428697 0.388559 0.649648
7 0.450141 0.428697 0.385906 0.656690
9 0.444836 0.426937 0.385906 0.646127
10 0.446162 0.428697 0.388559 0.656690
12 0.446162 0.433979 0.393863 0.646127
17 0.443510 0.428697 0.388559 0.656690
18 0.446162 0.433979 0.388559 0.646127
19 0.449478 0.432218 0.395189 0.649648
20 0.446162 0.428697 0.393863 0.649648
21 0.450804 0.428697 0.392537 0.642606
24 0.446162 0.430458 0.393863 0.646127
25 0.446162 0.428697 0.393863 0.649648
26 0.447489 0.428697 0.380602 0.642606
30 0.446162 0.430458 0.383254 0.646127
31 0.446162 0.430458 0.388559 0.646127
32 0.447489 0.430458 0.375297 0.628521
33 0.447489 0.428697 0.375297 0.625000
36 0.447489 0.433979 0.391211 0.646127
37 0.446162 0.433099 0.388559 0.633803