2 0.423930 0.508803 0.258734 0.285211
3 0.419712 0.512324 0.258734 0.285211
7 0.421118 0.512324 0.261547 0.278169
9 0.418306 0.508803 0.255922 0.271127
10 0.427446 0.520246 0.243266 0.255282
12 0.421118 0.508803 0.261547 0.271127
17 0.419712 0.513204 0.258734 0.269366
18 0.417603 0.514965 0.268577 0.265845
19 0.422524 0.508803 0.264359 0.278169
20 0.419712 0.510563 0.258734 0.274648
21 0.416900 0.513204 0.253110 0.269366
24 0.421118 0.510563 0.255922 0.274648
25 0.417603 0.508803 0.262953 0.278169
26 0.422524 0.508803 0.258734 0.260563
30 0.414790 0.506162 0.248891 0.265845
31 0.417603 0.513204 0.262953 0.269366
32 0.420415 0.510563 0.237642 0.250000
33 0.419712 0.511444 0.253110 0.265845
36 0.425337 0.516725 0.258734 0.255282
37 0.422524 0.508803 0.247485 0.253521