2 0.426404 0.629401 0.459827 0.332746
3 0.426404 0.624120 0.459827 0.343310
4 0.429805 0.624120 0.453025 0.343310
7 0.431166 0.625880 0.455746 0.339789
9 0.429805 0.625880 0.453025 0.325704
12 0.425044 0.624120 0.462548 0.329225
13 0.427765 0.622359 0.467990 0.339789
17 0.425044 0.618838 0.457106 0.339789
20 0.431166 0.625880 0.455746 0.332746
22 0.426404 0.620599 0.459827 0.336268
24 0.426404 0.624120 0.465269 0.343310
30 0.427765 0.624120 0.462548 0.336268
32 0.430486 0.624120 0.462548 0.329225
36 0.427765 0.624120 0.462548 0.329225
38 0.430486 0.624120 0.462548 0.322183