2 0.488336 0.453345 0.348592 0.262324
3 0.500580 0.448063 0.367318 0.258803
7 0.503461 0.452465 0.361556 0.250000
9 0.500580 0.461268 0.361556 0.246479
10 0.502021 0.455986 0.364437 0.250000
12 0.500580 0.455986 0.355794 0.242958
17 0.502021 0.457746 0.352913 0.246479
18 0.492658 0.451585 0.365877 0.258803
19 0.489777 0.446303 0.371639 0.255282
20 0.486176 0.455986 0.370198 0.242958
21 0.491217 0.453345 0.368758 0.230634
24 0.487616 0.448063 0.367318 0.234155
25 0.486176 0.448063 0.364437 0.241197
26 0.489056 0.451585 0.358675 0.234155
30 0.491217 0.448063 0.368758 0.241197
31 0.492658 0.448063 0.371639 0.234155
32 0.487616 0.448063 0.367318 0.241197
33 0.489777 0.454225 0.371639 0.239437
36 0.489777 0.449824 0.371639 0.237676
37 0.489056 0.445423 0.358675 0.246479