2 0.508030 0.507042 0.266645 0.214789
3 0.505309 0.507042 0.266645 0.207746
4 0.508030 0.507042 0.266645 0.207746
7 0.503949 0.508803 0.269366 0.211268
9 0.501908 0.505282 0.259843 0.211268
10 0.503269 0.505282 0.262564 0.211268
12 0.505309 0.508803 0.266645 0.204225
17 0.504629 0.510563 0.259843 0.200704
18 0.508030 0.510563 0.266645 0.214789
19 0.503949 0.510563 0.269366 0.214789
20 0.504629 0.510563 0.259843 0.200704
21 0.508030 0.513204 0.247599 0.195423
22 0.505309 0.512324 0.266645 0.211268
23 0.509391 0.512324 0.274808 0.218310
24 0.510071 0.510563 0.262564 0.214789
25 0.510071 0.512324 0.262564 0.204225
26 0.505309 0.512324 0.266645 0.204225
30 0.511431 0.510563 0.254401 0.200704
31 0.506670 0.507042 0.274808 0.207746
32 0.509391 0.507042 0.274808 0.207746
33 0.508030 0.505282 0.272087 0.204225
36 0.508030 0.505282 0.266645 0.211268
37 0.510071 0.504401 0.262564 0.195423