2 0.359420 0.554577 0.537338 0.457746
3 0.356985 0.551937 0.522727 0.445423
4 0.754712 0.673415 0.100649 0.086268
7 0.359420 0.548415 0.537338 0.438380
7 0.716563 0.215669 0.082792 0.086268
9 0.357797 0.558099 0.534091 0.450704
10 0.356173 0.566021 0.537338 0.473592
12 0.359420 0.558099 0.537338 0.457746
13 0.357797 0.561620 0.534091 0.464789
13 0.753089 0.673415 0.103896 0.086268
17 0.361855 0.564261 0.532468 0.477113
20 0.354550 0.561620 0.527597 0.464789
22 0.356173 0.566021 0.537338 0.480634
22 0.757147 0.675176 0.089286 0.075704
23 0.755524 0.670775 0.086039 0.066901
24 0.352927 0.573063 0.537338 0.473592
24 0.713316 0.220951 0.082792 0.082746
25 0.714940 0.217430 0.086039 0.082746
26 0.713316 0.219190 0.089286 0.079225
30 0.356985 0.569542 0.522727 0.480634
32 0.360232 0.550176 0.522727 0.441901
36 0.354550 0.561620 0.534091 0.443662
38 0.355362 0.568662 0.519481 0.457746
38 0.753901 0.672535 0.082792 0.070423
39 0.749030 0.670775 0.082792 0.066901