2 0.423619 0.518486 0.326047 0.195423
3 0.424934 0.524648 0.336565 0.200704
7 0.420332 0.518486 0.327362 0.195423
9 0.421647 0.518486 0.324732 0.188380
10 0.420332 0.520246 0.332621 0.191901
11 0.567580 0.702465 0.219556 0.172535
12 0.421647 0.522007 0.319474 0.195423
17 0.422962 0.522007 0.327362 0.195423
18 0.421647 0.518486 0.329991 0.195423
20 0.420332 0.516725 0.332621 0.191901
24 0.420332 0.518486 0.322103 0.188380
25 0.420332 0.516725 0.322103 0.184859
30 0.419018 0.515845 0.324732 0.176056
31 0.421647 0.516725 0.329991 0.184859
32 0.417703 0.518486 0.327362 0.181338
33 0.419018 0.518486 0.329991 0.170775
34 0.570866 0.706866 0.218241 0.163732
35 0.568894 0.702465 0.227444 0.172535
36 0.422962 0.514965 0.332621 0.195423
37 0.424934 0.520246 0.336565 0.191901