1 0.267233 0.345951 0.299296 0.445423
2 0.499188 0.391725 0.140125 0.223592
3 0.495786 0.392606 0.138764 0.211268
6 0.264512 0.345951 0.299296 0.445423
7 0.499188 0.387324 0.140125 0.221831
9 0.497827 0.389965 0.153729 0.227113
10 0.497147 0.389965 0.136044 0.234155
12 0.499188 0.383803 0.145567 0.221831
17 0.499188 0.389965 0.131962 0.227113
18 0.499188 0.387324 0.140125 0.221831
20 0.497147 0.385563 0.136044 0.225352
21 0.499188 0.389085 0.140125 0.218310
24 0.495786 0.385563 0.133323 0.218310
25 0.500548 0.389085 0.129241 0.211268
30 0.496467 0.391725 0.126520 0.230634
31 0.495786 0.393486 0.133323 0.220070
32 0.494426 0.389085 0.130602 0.204225
33 0.495786 0.391725 0.114277 0.191901
36 0.501228 0.387324 0.136044 0.214789
37 0.494426 0.397887 0.130602 0.211268