2 0.517955 0.523855 0.134940 0.372851
3 0.517955 0.522088 0.134940 0.376386
4 0.505907 0.504418 0.050602 0.192610
7 0.516750 0.522088 0.137349 0.376386
9 0.514943 0.523855 0.133735 0.372851
12 0.516148 0.526506 0.131325 0.378153
13 0.507112 0.502651 0.053012 0.196145
17 0.516148 0.522972 0.131325 0.385221
18 0.517955 0.526506 0.122892 0.378153
19 0.516750 0.526506 0.125301 0.378153
20 0.516148 0.523855 0.131325 0.372851
21 0.514943 0.524739 0.133735 0.381687
22 0.508317 0.500884 0.050602 0.192610
24 0.519762 0.522088 0.131325 0.376386
25 0.514943 0.522088 0.133735 0.376386
26 0.514943 0.522088 0.133735 0.376386
30 0.513738 0.518554 0.131325 0.383454
31 0.512533 0.522972 0.124096 0.385221
32 0.514943 0.516787 0.133735 0.379920
33 0.512533 0.518554 0.133735 0.376386
36 0.514943 0.518554 0.128916 0.376386
38 0.514943 0.520321 0.133735 0.372851
37 0.508317 0.502651 0.050602 0.196145