2 0.409521 0.389948 0.190361 0.187361
3 0.408317 0.389948 0.187952 0.187361
7 0.408317 0.385400 0.192771 0.185542
9 0.410726 0.391767 0.187952 0.190999
10 0.408317 0.385400 0.192771 0.178266
11 0.573377 0.428148 0.120482 0.205552
12 0.409521 0.387219 0.190361 0.181904
17 0.409521 0.396315 0.178313 0.181904
18 0.409521 0.398134 0.190361 0.178266
20 0.413738 0.396315 0.177108 0.181904
24 0.405907 0.389948 0.192771 0.176447
30 0.416148 0.395405 0.177108 0.165533
32 0.413738 0.399953 0.177108 0.181904
34 0.575786 0.428148 0.120482 0.198275
35 0.573377 0.428148 0.120482 0.190999
36 0.409521 0.394496 0.178313 0.178266
37 0.409521 0.396315 0.190361 0.189180