2 0.490101 0.340669 0.390525 0.396127
3 0.494983 0.339789 0.375183 0.387324
6 0.713956 0.655810 0.152026 0.202465
7 0.492891 0.340669 0.379367 0.410211
9 0.490101 0.340669 0.384946 0.396127
10 0.492891 0.345951 0.365420 0.375000
12 0.486614 0.350352 0.372393 0.390845
17 0.491496 0.344190 0.382157 0.396127
18 0.487312 0.340669 0.390525 0.403169
20 0.488009 0.338908 0.400288 0.399648
21 0.489404 0.338908 0.377972 0.399648
24 0.486614 0.338028 0.383551 0.390845
25 0.486614 0.338908 0.403078 0.413732
30 0.487312 0.344190 0.390525 0.403169
31 0.485220 0.344190 0.400288 0.410211
32 0.492891 0.342430 0.359841 0.375000
33 0.490101 0.342430 0.384946 0.399648
36 0.488009 0.345951 0.369604 0.375000
37 0.494285 0.338908 0.382157 0.406690