2 0.330834 0.476232 0.374451 0.582746
3 0.330834 0.473592 0.374451 0.577465
4 0.329622 0.473592 0.376875 0.570423
7 0.329622 0.473592 0.381722 0.570423
10 0.329622 0.476232 0.381722 0.582746
12 0.332046 0.476232 0.376875 0.582746
17 0.328410 0.475352 0.379299 0.573944
18 0.328410 0.479754 0.379299 0.575704
19 0.329622 0.477113 0.381722 0.570423
20 0.332046 0.479754 0.381722 0.575704
21 0.332652 0.477113 0.387781 0.570423
22 0.330834 0.477113 0.384146 0.570423
23 0.330834 0.477113 0.384146 0.570423
24 0.332652 0.477113 0.387781 0.563380
25 0.332652 0.477113 0.387781 0.570423
26 0.330834 0.477113 0.384146 0.570423
32 0.330834 0.478873 0.384146 0.566901
33 0.335075 0.473592 0.382934 0.577465
36 0.329016 0.473592 0.387781 0.570423
37 0.326592 0.475352 0.387781 0.573944