2 0.476061 0.510563 0.617958 0.573944
3 0.484864 0.510563 0.614437 0.573944
4 0.483103 0.512324 0.625000 0.570423
9 0.481343 0.511444 0.628521 0.582746
12 0.481343 0.514965 0.621479 0.582746
17 0.477822 0.514965 0.621479 0.575704
18 0.477822 0.513204 0.621479 0.579225
19 0.483103 0.513204 0.617958 0.579225
20 0.484864 0.516725 0.621479 0.586268
21 0.475181 0.514965 0.626761 0.582746
22 0.479582 0.516725 0.617958 0.572183
23 0.483103 0.514965 0.610915 0.575704
30 0.477822 0.518486 0.614437 0.575704
31 0.484864 0.518486 0.621479 0.582746
36 0.481343 0.514965 0.607394 0.575704
37 0.479582 0.516725 0.625000 0.582746