2 0.553526 0.536092 0.727113 0.730634
3 0.549125 0.534331 0.735915 0.734155
4 0.549125 0.532570 0.735915 0.730634
7 0.551765 0.534331 0.730634 0.727113
9 0.550005 0.534331 0.727113 0.734155
12 0.545603 0.536092 0.728873 0.730634
17 0.553526 0.534331 0.734155 0.734155
18 0.550005 0.534331 0.727113 0.727113
19 0.555287 0.534331 0.730634 0.720070
20 0.553526 0.536092 0.734155 0.730634
21 0.547364 0.532570 0.732394 0.730634
22 0.550005 0.534331 0.727113 0.734155
23 0.549125 0.529049 0.742958 0.723592
24 0.549125 0.538732 0.735915 0.735915
25 0.547364 0.536972 0.732394 0.739437
26 0.547364 0.530810 0.732394 0.727113
30 0.553526 0.534331 0.734155 0.734155
31 0.551765 0.539613 0.730634 0.723592
36 0.545603 0.538732 0.711268 0.735915
37 0.545603 0.534331 0.728873 0.734155