38 0.575130 0.553043 0.372174 0.473043
36 0.859478 0.223478 0.213913 0.293913
36 0.509913 0.221739 0.467826 0.186087
36 0.258609 0.636522 0.246957 0.653913
36 0.645565 0.880000 0.520000 0.166957
36 0.848174 0.580000 0.166957 0.419130
22 0.504696 0.222609 0.492174 0.180870
22 0.856000 0.220870 0.252174 0.306087
22 0.854261 0.586957 0.193043 0.426087
22 0.535130 0.875652 0.772174 0.179130
22 0.256870 0.625217 0.264348 0.669565
38 0.567304 0.533565 0.349565 0.476522
22 0.569043 0.537043 0.346087 0.563478