17 0.406435 0.739652 0.271304 0.172174
36 0.402956 0.737913 0.246957 0.144348
36 0.709913 0.363130 0.210435 0.219130
36 0.442087 0.280522 0.227826 0.175652
36 0.302956 0.609217 0.116522 0.220870
27 0.601217 0.670957 0.135652 0.236522
27 0.480348 0.495304 0.220870 0.264348
27 0.739478 0.553565 0.133913 0.165217
27 0.632522 0.509217 0.125217 0.076522
27 0.304696 0.421391 0.193043 0.154783
22 0.449913 0.283130 0.233043 0.208696
22 0.709043 0.353565 0.260870 0.300870
22 0.410783 0.714435 0.332174 0.271304