38 0.496667 0.783333 0.155556 0.122222
38 0.718889 0.591667 0.188889 0.087037
38 0.809630 0.752778 0.129630 0.083333
38 0.433704 0.232407 0.207407 0.116667
36 0.415185 0.498148 0.155556 0.140741
39 0.252222 0.230556 0.151852 0.101852
22 0.356852 0.237037 0.398148 0.133333
22 0.722593 0.583333 0.225926 0.122222
22 0.813333 0.758333 0.155556 0.105556
22 0.504074 0.786111 0.185185 0.131481
22 0.420741 0.499074 0.185185 0.157407
17 0.519815 0.516667 0.764815 0.729630
24 0.536481 0.519444 0.787037 0.712963