2 0.506871 0.516725 0.732394 0.804577
3 0.508632 0.516725 0.728873 0.815141
4 0.506871 0.512324 0.732394 0.806338
7 0.506871 0.514085 0.732394 0.809859
13 0.513033 0.521127 0.727113 0.813380
17 0.511272 0.521127 0.723592 0.813380
18 0.506871 0.519366 0.732394 0.809859
19 0.508632 0.519366 0.735915 0.809859
20 0.510392 0.516725 0.732394 0.815141
21 0.504230 0.516725 0.727113 0.804577
22 0.508632 0.524648 0.735915 0.806338
23 0.516554 0.524648 0.734155 0.820423
24 0.513033 0.522887 0.720070 0.816901
25 0.512153 0.521127 0.742958 0.813380
26 0.508632 0.524648 0.728873 0.813380
38 0.508632 0.521127 0.728873 0.806338
39 0.512153 0.524648 0.742958 0.820423