22 0.517037 0.709259 0.222222 0.192593
22 0.447593 0.334259 0.124074 0.142593
22 0.539259 0.415741 0.085185 0.109259
22 0.635556 0.310185 0.144444 0.120370
22 0.509630 0.234259 0.085185 0.083333
22 0.283704 0.328704 0.122222 0.201852
22 0.333704 0.603704 0.125926 0.244444
22 0.641111 0.524074 0.188889 0.177778
36 0.275370 0.319444 0.142593 0.220370
36 0.327222 0.602778 0.153704 0.246296
36 0.538333 0.707407 0.253704 0.196296
36 0.656852 0.536111 0.220370 0.168519
36 0.504074 0.230556 0.096296 0.109259
36 0.642037 0.303704 0.135185 0.148148
36 0.444815 0.321296 0.137037 0.161111
36 0.533704 0.412963 0.096296 0.144444
34 0.456852 0.516667 0.179630 0.196296
17 0.467963 0.490741 0.546296 0.644444