0 0.442611 0.273768 0.480634 0.403169
0 0.489265 0.808099 0.464789 0.257042
1 0.444371 0.268486 0.484155 0.406690
1 0.488385 0.806338 0.473592 0.253521
5 0.444371 0.273768 0.484155 0.403169
5 0.486625 0.806338 0.470070 0.253521
6 0.446132 0.266725 0.473592 0.403169
6 0.486625 0.812500 0.470070 0.258803
11 0.485744 0.814261 0.489437 0.262324
11 0.441730 0.268486 0.489437 0.406690
15 0.481343 0.811620 0.487676 0.250000
15 0.444371 0.273768 0.484155 0.410211
16 0.484864 0.814261 0.473592 0.237676
16 0.438209 0.274648 0.489437 0.387324
34 0.491026 0.808099 0.478873 0.257042
34 0.440850 0.282570 0.477113 0.403169
35 0.485744 0.816021 0.489437 0.272887
35 0.442611 0.275528 0.480634 0.406690