2 0.542082 0.522887 0.570423 0.771127
3 0.556167 0.521127 0.566901 0.774648
7 0.543843 0.524648 0.573944 0.767606
12 0.543843 0.524648 0.566901 0.774648
17 0.539441 0.522887 0.575704 0.771127
18 0.539441 0.518486 0.575704 0.779930
19 0.542082 0.516725 0.556338 0.783451
20 0.542082 0.521127 0.563380 0.774648
21 0.543843 0.532570 0.559859 0.758803
24 0.548244 0.518486 0.582746 0.786972
25 0.549125 0.518486 0.595070 0.794014
26 0.545603 0.526408 0.588028 0.785211
36 0.553526 0.516725 0.572183 0.797535
37 0.553526 0.516725 0.579225 0.797535