3 0.479582 0.567782 0.853873 0.656690
7 0.477822 0.567782 0.864437 0.656690
8 0.690850 0.571303 0.445423 0.649648
9 0.481343 0.565141 0.857394 0.661972
12 0.255991 0.563380 0.413732 0.658451
20 0.479582 0.568662 0.867958 0.669014
21 0.479582 0.566901 0.860915 0.672535
24 0.483103 0.568662 0.853873 0.669014
25 0.477822 0.563380 0.864437 0.665493
26 0.481343 0.567782 0.864437 0.656690
27 0.689089 0.569542 0.441901 0.660211
30 0.483103 0.569542 0.875000 0.653169
31 0.483103 0.571303 0.875000 0.663732
36 0.249829 0.565141 0.419014 0.669014