38 0.859478 0.259652 0.168696 0.426087
38 0.774261 0.909217 0.140870 0.153043
38 0.756000 0.686609 0.045217 0.055652
38 0.494261 0.684870 0.040000 0.034783
38 0.453391 0.797913 0.090435 0.055652
36 0.712522 0.707478 0.076522 0.208696
36 0.580348 0.910957 0.271304 0.135652
36 0.578609 0.687478 0.086957 0.092174
36 0.407304 0.688348 0.050435 0.125217
36 0.498609 0.757913 0.052174 0.038261
34 0.522956 0.554435 0.566957 0.709565
27 0.539478 0.563130 0.520000 0.657391
4 0.659478 0.905739 0.408696 0.146087
4 0.719478 0.709217 0.132174 0.233043
4 0.550783 0.690087 0.163478 0.090435
4 0.450783 0.718783 0.126957 0.196522
4 0.605565 0.791826 0.099130 0.074783
4 0.857739 0.267478 0.161739 0.455652