2 0.537681 0.536092 0.642606 0.790493
3 0.535920 0.532570 0.639085 0.790493
7 0.540322 0.536092 0.637324 0.804577
11 0.531519 0.536092 0.637324 0.815141
17 0.531519 0.529930 0.637324 0.816901
18 0.539441 0.526408 0.614437 0.816901
19 0.532399 0.533451 0.614437 0.809859
20 0.537681 0.521127 0.625000 0.813380
21 0.540322 0.529930 0.630282 0.809859
24 0.532399 0.522887 0.621479 0.809859
25 0.529758 0.524648 0.626761 0.820423
26 0.534160 0.528169 0.642606 0.820423
34 0.529758 0.526408 0.640845 0.809859
35 0.542082 0.534331 0.640845 0.825704