22 0.241111 0.611111 0.229630 0.429630
22 0.620741 0.812963 0.603704 0.259259
22 0.296667 0.371296 0.270370 0.201852
22 0.492037 0.507407 0.220370 0.188889
37 0.774444 0.436111 0.355556 0.372222
38 0.597593 0.738889 0.205556 0.188889
36 0.625370 0.808333 0.638889 0.290741
36 0.287407 0.361111 0.288889 0.218519
36 0.500370 0.498148 0.229630 0.218519
36 0.237407 0.603704 0.259259 0.444444
17 0.509630 0.516667 0.781481 0.792593
24 0.504074 0.525000 0.811111 0.812963
1 0.524444 0.524074 0.818519 0.859259