2 0.537681 0.544894 0.716549 0.646127
3 0.541202 0.544014 0.709507 0.640845
4 0.538561 0.544014 0.721831 0.647887
7 0.537681 0.544014 0.713028 0.647887
9 0.540322 0.546655 0.707746 0.653169
12 0.532399 0.537852 0.716549 0.646127
17 0.541202 0.544014 0.720070 0.658451
18 0.534160 0.540493 0.720070 0.665493
19 0.537681 0.536972 0.720070 0.661972
20 0.537681 0.540493 0.720070 0.665493
21 0.540322 0.540493 0.732394 0.665493
22 0.535920 0.537852 0.730634 0.660211
23 0.535920 0.536092 0.730634 0.656690
24 0.540322 0.540493 0.732394 0.672535
25 0.542082 0.540493 0.728873 0.669014
26 0.543843 0.538732 0.739437 0.672535
30 0.542082 0.536972 0.742958 0.669014
31 0.540322 0.537852 0.746479 0.656690
36 0.540322 0.537852 0.732394 0.656690
37 0.542082 0.542254 0.735915 0.665493