22 0.680926 0.436111 0.316667 0.257407
22 0.390185 0.488889 0.298148 0.244444
22 0.597593 0.643519 0.357407 0.135185
22 0.663333 0.785185 0.340741 0.237037
22 0.570741 0.248148 0.244444 0.185185
22 0.274444 0.296296 0.251852 0.196296
36 0.275370 0.292593 0.279630 0.229630
36 0.574444 0.241667 0.255556 0.212963
36 0.686481 0.431481 0.338889 0.270370
36 0.381852 0.483333 0.329630 0.259259
36 0.638333 0.740741 0.453704 0.325926
17 0.484630 0.529630 0.738889 0.748148
24 0.488333 0.518519 0.764815 0.785185