2 0.527998 0.500880 0.778169 0.836268
3 0.524477 0.499120 0.778169 0.825704
4 0.527998 0.499120 0.778169 0.832746
7 0.526237 0.497359 0.781690 0.829225
13 0.526237 0.497359 0.781690 0.829225
17 0.516554 0.500880 0.779930 0.829225
18 0.526237 0.500880 0.788732 0.829225
19 0.527998 0.502641 0.778169 0.832746
20 0.520075 0.500880 0.786972 0.822183
21 0.526237 0.500880 0.788732 0.836268
22 0.521836 0.502641 0.790493 0.832746
23 0.524477 0.499120 0.778169 0.818662
38 0.527998 0.499120 0.771127 0.832746
39 0.534160 0.499120 0.751761 0.825704