38 0.311652 0.268348 0.193043 0.210435
38 0.562956 0.551826 0.469565 0.321739
38 0.411652 0.841391 0.177391 0.226087
38 0.515130 0.167478 0.224348 0.217391
38 0.667304 0.115304 0.166957 0.109565
38 0.481217 0.340522 0.184348 0.198261
38 0.166435 0.397043 0.149565 0.106087
38 0.840348 0.459652 0.140870 0.137391
22 0.430783 0.842261 0.264348 0.241739
22 0.568174 0.561391 0.473043 0.347826
22 0.827304 0.461391 0.100870 0.175652
22 0.467304 0.240522 0.142609 0.360000
22 0.634261 0.124000 0.243478 0.137391
22 0.316870 0.284870 0.252174 0.226087
22 0.173391 0.390087 0.194783 0.085217
24 0.496000 0.506609 0.850435 0.916522
34 0.727304 0.837913 0.321739 0.205217
24 0.876000 0.498783 0.139130 0.180870
24 0.696870 0.274435 0.333913 0.153043
24 0.227304 0.632696 0.226087 0.462609