3 0.566730 0.438380 0.848592 0.746479
4 0.563209 0.436620 0.855634 0.742958
9 0.559688 0.436620 0.848592 0.735915
12 0.569371 0.436620 0.853873 0.735915
20 0.568491 0.430458 0.845070 0.734155
21 0.567611 0.438380 0.857394 0.742958
22 0.566730 0.442782 0.848592 0.751761
23 0.567611 0.440141 0.864437 0.739437
30 0.569371 0.441901 0.836268 0.742958
23 0.564970 0.438380 0.852113 0.742958
31 0.561449 0.438380 0.852113 0.735915
36 0.571132 0.438380 0.839789 0.735915
37 0.567611 0.440141 0.857394 0.739437