22 0.340185 0.774074 0.198148 0.125926
22 0.336481 0.562037 0.235185 0.135185
22 0.599444 0.759259 0.216667 0.122222
22 0.840185 0.365741 0.183333 0.231481
22 0.687407 0.635185 0.188889 0.088889
22 0.624444 0.312963 0.088889 0.148148
38 0.567037 0.475000 0.185185 0.179630
36 0.614259 0.304630 0.109259 0.146296
36 0.829074 0.356481 0.175926 0.253704
36 0.683704 0.637037 0.214815 0.092593
36 0.612407 0.757407 0.261111 0.122222
36 0.337407 0.756481 0.188889 0.142593
36 0.324444 0.550000 0.229630 0.159259
17 0.541111 0.535185 0.792593 0.662963
24 0.546667 0.524074 0.785185 0.674074