36 0.469913 0.581391 0.384348 0.158261
36 0.584696 0.822261 0.085217 0.073043
38 0.601217 0.330957 0.274783 0.210435
38 0.417739 0.727478 0.196522 0.210435
38 0.307304 0.631826 0.066087 0.151304
22 0.588174 0.334435 0.321739 0.196522
22 0.485565 0.839652 0.318261 0.146087
22 0.392522 0.678783 0.253913 0.363478
22 0.454261 0.570957 0.384348 0.144348
34 0.688174 0.784870 0.337391 0.262609
34 0.756870 0.507478 0.245217 0.375652
34 0.596870 0.206609 0.088696 0.090435
34 0.509913 0.495304 0.540870 0.389565