2 0.527998 0.539613 0.816901 0.751761
3 0.527998 0.545775 0.816901 0.764085
4 0.532399 0.539613 0.825704 0.758803
9 0.530639 0.538732 0.829225 0.771127
12 0.526237 0.542254 0.813380 0.771127
17 0.538561 0.540493 0.813380 0.767606
18 0.527998 0.536092 0.816901 0.758803
19 0.531519 0.537852 0.809859 0.762324
20 0.530639 0.534331 0.829225 0.755282
21 0.535920 0.542254 0.825704 0.764085
22 0.523596 0.536092 0.825704 0.751761
23 0.526237 0.534331 0.830986 0.748239
30 0.528878 0.534331 0.825704 0.762324
31 0.527998 0.536092 0.816901 0.765845
36 0.527998 0.536972 0.816901 0.774648
37 0.528878 0.536972 0.825704 0.774648