22 0.712407 0.787037 0.283333 0.196296
22 0.235556 0.436111 0.285185 0.298148
22 0.455926 0.228704 0.200000 0.109259
22 0.662407 0.491667 0.450000 0.305556
22 0.371667 0.162963 0.509259 0.129630
38 0.451296 0.229630 0.231481 0.137037
36 0.367037 0.162037 0.533333 0.157407
36 0.231852 0.435185 0.314815 0.322222
36 0.656852 0.488889 0.472222 0.322222
36 0.705000 0.788889 0.316667 0.218519
17 0.505926 0.509259 0.900000 0.900000
14 0.499444 0.505556 0.916667 0.925926
1 0.511481 0.511111 0.925926 0.918519