22 0.714259 0.343519 0.309259 0.398148
22 0.195741 0.525000 0.190741 0.179630
22 0.559630 0.854630 0.251852 0.138889
22 0.256852 0.309259 0.112963 0.107407
22 0.442037 0.365741 0.116667 0.135185
36 0.431852 0.362037 0.144444 0.161111
36 0.252222 0.300926 0.133333 0.138889
36 0.192037 0.520370 0.220370 0.203704
36 0.558704 0.851852 0.283333 0.155556
36 0.709630 0.337037 0.337037 0.400000
17 0.442963 0.667593 0.788889 0.620370
24 0.448518 0.663889 0.781481 0.657407
1 0.436481 0.662963 0.794444 0.659259