2 0.422364 0.461268 0.669014 0.742958
7 0.422364 0.461268 0.676056 0.742958
8 0.426765 0.461268 0.677817 0.742958
11 0.420603 0.461268 0.672535 0.742958
17 0.424125 0.465669 0.672535 0.744718
18 0.425005 0.461268 0.688380 0.742958
19 0.420603 0.463908 0.665493 0.748239
24 0.430287 0.463908 0.677817 0.748239
25 0.430287 0.462148 0.677817 0.751761
26 0.428526 0.463908 0.674296 0.748239
27 0.431167 0.465669 0.669014 0.751761
28 0.426765 0.463908 0.677817 0.748239
29 0.425005 0.463908 0.681338 0.755282
34 0.420603 0.462148 0.679577 0.751761
35 0.430287 0.463908 0.684859 0.748239