2 0.516554 0.499120 0.723592 0.656690
3 0.514794 0.499120 0.720070 0.656690
4 0.513033 0.497359 0.723592 0.660211
7 0.513033 0.496479 0.723592 0.669014
9 0.516554 0.497359 0.723592 0.660211
17 0.518315 0.496479 0.720070 0.669014
18 0.516554 0.492958 0.709507 0.661972
19 0.518315 0.492958 0.720070 0.661972
20 0.514794 0.494718 0.720070 0.672535
21 0.514794 0.491197 0.727113 0.672535
22 0.516554 0.492958 0.730634 0.669014
23 0.508632 0.494718 0.725352 0.672535
24 0.514794 0.492958 0.727113 0.676056
25 0.516554 0.491197 0.723592 0.665493
26 0.514794 0.489437 0.727113 0.669014
30 0.516554 0.494718 0.709507 0.672535
31 0.508632 0.492958 0.714789 0.661972
38 0.514794 0.496479 0.727113 0.669014
39 0.514794 0.494718 0.713028 0.665493