36 0.592522 0.602261 0.118261 0.095652
36 0.429913 0.670087 0.293913 0.130435
36 0.368174 0.816174 0.038261 0.095652
36 0.588174 0.822261 0.175652 0.104348
36 0.306435 0.331826 0.116522 0.118261
36 0.461217 0.376174 0.088696 0.074783
34 0.532522 0.568348 0.791304 0.699130
22 0.306435 0.322261 0.151304 0.140870
22 0.461217 0.373565 0.092174 0.111304
22 0.594261 0.603130 0.132174 0.146087
22 0.424696 0.663130 0.304348 0.165217
22 0.581217 0.824000 0.203478 0.114783
27 0.370783 0.823130 0.078261 0.120000
22 0.550783 0.582261 0.793043 0.695652