2 0.553526 0.497359 0.765845 0.818662
3 0.550005 0.495599 0.765845 0.822183
4 0.505111 0.524648 0.559859 0.214789
7 0.557927 0.495599 0.774648 0.822183
9 0.545603 0.494718 0.767606 0.813380
12 0.508632 0.522887 0.559859 0.211268
17 0.548244 0.497359 0.786972 0.825704
18 0.554406 0.491197 0.774648 0.813380
19 0.556167 0.497359 0.771127 0.818662
20 0.545603 0.494718 0.774648 0.813380
21 0.546484 0.491197 0.790493 0.820423
22 0.557927 0.499120 0.774648 0.822183
23 0.551765 0.497359 0.786972 0.832746
24 0.557927 0.495599 0.781690 0.829225
25 0.551765 0.493838 0.786972 0.825704
26 0.547364 0.500880 0.778169 0.832746
30 0.551765 0.499120 0.779930 0.822183
31 0.551765 0.502641 0.794014 0.836268
36 0.551765 0.499120 0.769366 0.836268
37 0.550005 0.497359 0.790493 0.832746