3 0.498949 0.468310 0.758803 0.841549
4 0.500709 0.465669 0.762324 0.839789
7 0.498949 0.466549 0.765845 0.845070
9 0.506871 0.461268 0.767606 0.845070
12 0.500709 0.459507 0.779930 0.841549
20 0.494547 0.459507 0.774648 0.841549
21 0.497188 0.459507 0.786972 0.848592
22 0.498068 0.462148 0.774648 0.836268
23 0.496308 0.462148 0.771127 0.836268
24 0.494547 0.457746 0.781690 0.845070
25 0.494547 0.459507 0.774648 0.841549
26 0.498949 0.455986 0.765845 0.841549
30 0.498068 0.454225 0.774648 0.838028
31 0.500709 0.457746 0.794014 0.838028
36 0.498949 0.460387 0.790493 0.857394
37 0.503350 0.455986 0.774648 0.841549