1 0.495427 0.534331 0.227113 0.653169
4 0.519195 0.401408 0.140845 0.172535
6 0.498949 0.529930 0.227113 0.640845
10 0.497188 0.532570 0.230634 0.646127
12 0.506871 0.723592 0.204225 0.246479
13 0.516554 0.403169 0.146127 0.176056
22 0.519195 0.404930 0.140845 0.172535
23 0.516554 0.401408 0.135563 0.172535
32 0.495427 0.532570 0.227113 0.646127
33 0.494547 0.536092 0.218310 0.653169
36 0.504230 0.720070 0.198944 0.232394
37 0.502470 0.729754 0.188380 0.251761
38 0.513913 0.401408 0.140845 0.172535
39 0.516554 0.404930 0.153169 0.172535