34 0.530783 0.546957 0.867826 0.805217
36 0.453391 0.552174 0.128696 0.137391
36 0.809043 0.298261 0.116522 0.140870
36 0.416870 0.353913 0.104348 0.074783
36 0.606435 0.283478 0.073043 0.104348
36 0.452522 0.207826 0.067826 0.043478
36 0.325565 0.220000 0.071304 0.057391
36 0.377739 0.468696 0.046957 0.092174
36 0.361217 0.536522 0.080000 0.099130
36 0.709043 0.521739 0.264348 0.281739
36 0.598609 0.836522 0.151304 0.177391
22 0.323826 0.220000 0.106087 0.060870
17 0.456000 0.206087 0.092174 0.046957
22 0.613391 0.282609 0.090435 0.106087
22 0.822087 0.294783 0.128696 0.140870
22 0.717739 0.520870 0.281739 0.280000
22 0.459478 0.553043 0.147826 0.139130
22 0.377739 0.468696 0.085217 0.099130
22 0.372522 0.549565 0.144348 0.118261
22 0.412522 0.359130 0.137391 0.081739
22 0.593391 0.836522 0.172174 0.194783
22 0.519478 0.547826 0.886957 0.820870