22 0.592037 0.400926 0.127778 0.120370
22 0.612407 0.687037 0.194444 0.159259
22 0.413333 0.653704 0.166667 0.107407
22 0.378148 0.282407 0.270370 0.194444
22 0.586481 0.236111 0.109259 0.127778
22 0.638333 0.823148 0.190741 0.068519
36 0.374444 0.276852 0.296296 0.198148
36 0.592963 0.237963 0.140741 0.146296
36 0.599444 0.402778 0.168519 0.127778
36 0.401296 0.649074 0.183333 0.109259
36 0.609630 0.666667 0.196296 0.166667
36 0.646667 0.824074 0.225926 0.088889
17 0.492963 0.506481 0.607407 0.868519
24 0.489259 0.513889 0.637037 0.864815