22 0.539478 0.621391 0.092174 0.133913
22 0.526435 0.500522 0.309565 0.149565
22 0.521217 0.259652 0.226087 0.200000
22 0.288174 0.253565 0.146087 0.281739
22 0.275130 0.825739 0.120000 0.163478
36 0.523826 0.317913 0.255652 0.111304
38 0.523826 0.233565 0.200000 0.106087
38 0.529043 0.606609 0.081739 0.132174
38 0.256870 0.818783 0.104348 0.153043
38 0.295130 0.264000 0.187826 0.274783
34 0.753391 0.428348 0.255652 0.433043
34 0.437739 0.658783 0.153043 0.194783
34 0.333391 0.471826 0.121739 0.210435
34 0.496870 0.396174 0.299130 0.121739