2 0.491026 0.528169 0.461268 0.595070
3 0.491026 0.531690 0.468310 0.595070
4 0.508632 0.608275 0.285211 0.223592
7 0.492787 0.532570 0.464789 0.586268
9 0.489265 0.530810 0.464789 0.582746
17 0.483103 0.526408 0.452465 0.591549
18 0.491026 0.528169 0.461268 0.588028
19 0.489265 0.524648 0.464789 0.588028
20 0.491026 0.526408 0.454225 0.591549
21 0.498949 0.529930 0.452465 0.598592
22 0.487505 0.524648 0.461268 0.588028
23 0.493667 0.528169 0.473592 0.588028
24 0.498949 0.529930 0.463028 0.591549
25 0.486625 0.522007 0.470070 0.582746
30 0.495427 0.524648 0.470070 0.588028
31 0.491026 0.531690 0.468310 0.595070