38 0.386435 0.693565 0.464348 0.264348
38 0.791652 0.429217 0.130435 0.180870
38 0.347304 0.189217 0.389565 0.208696
38 0.375130 0.437913 0.257391 0.100870
38 0.567304 0.510957 0.074783 0.118261
38 0.121217 0.159652 0.090435 0.080000
36 0.629913 0.372696 0.387826 0.200000
34 0.493391 0.371826 0.869565 0.612174
34 0.322087 0.795304 0.516522 0.245217
34 0.607304 0.770957 0.071304 0.231304
34 0.687304 0.735304 0.071304 0.153043
34 0.780348 0.735304 0.163478 0.073043
22 0.557739 0.396174 0.636522 0.260870
22 0.318609 0.189217 0.492174 0.212174
22 0.382087 0.697043 0.500870 0.271304
22 0.554261 0.512696 0.086957 0.180870