2 0.328174 0.471831 0.403169 0.640845
3 0.328174 0.471831 0.410211 0.633803
4 0.328174 0.473592 0.410211 0.637324
7 0.332575 0.475352 0.411972 0.633803
9 0.324653 0.470070 0.396127 0.637324
13 0.326413 0.468310 0.413732 0.633803
17 0.324653 0.465669 0.403169 0.639085
18 0.322892 0.463908 0.406690 0.642606
19 0.326413 0.468310 0.413732 0.647887
20 0.330815 0.470070 0.397887 0.637324
21 0.328174 0.459507 0.403169 0.640845
22 0.322892 0.462148 0.399648 0.642606
23 0.324653 0.470070 0.403169 0.640845
24 0.328174 0.465669 0.403169 0.625000
25 0.326413 0.470070 0.413732 0.640845
26 0.328174 0.462148 0.403169 0.642606
30 0.321132 0.463908 0.410211 0.639085
31 0.328174 0.463908 0.403169 0.646127
38 0.328174 0.463908 0.410211 0.653169
39 0.328174 0.463908 0.410211 0.646127